sysbench 1.0.19 (using bundled LuaJIT 2.1.0-beta2)

Running the test with following options:
Number of threads: 16
Report intermediate results every 1 second(s)
Initializing random number generator from current time


Initializing worker threads...

Threads started!

1,16,376.27,10508.74,4779.79,4939.48,789.48,344.08,1.00,0.00
2,16,130.03,3339.89,1522.40,1556.41,261.07,682.06,1.00,0.00
3,16,169.00,4652.02,2119.01,2187.01,346.00,623.33,1.00,0.00
4,16,394.97,10836.11,4929.59,5124.58,781.94,559.50,2.00,0.00
5,16,193.03,6133.81,2802.37,2947.39,384.05,601.29,0.00,0.00
6,16,67.99,1793.84,805.93,854.93,132.99,646.19,1.00,0.00
7,16,345.95,9739.71,4443.41,4590.39,705.91,325.98,2.00,0.00
8,16,378.04,10636.05,4859.48,5026.50,750.07,325.98,2.00,0.00
9,16,353.02,9776.63,4445.29,4627.30,704.05,601.29,0.00,0.00
10,16,249.97,7422.06,3385.57,3531.55,504.94,601.29,1.00,0.00
11,16,442.02,13477.56,6137.25,6453.27,887.04,314.45,3.00,0.00
12,16,379.01,10358.28,4714.13,4886.13,758.02,580.02,5.00,0.00
13,16,310.00,8706.91,3958.96,4136.96,610.99,590.56,1.00,0.00
14,16,300.00,8035.12,3659.06,3770.06,606.01,601.29,1.00,0.00
15,16,148.00,3973.01,1821.01,1867.01,285.00,612.21,2.00,0.00
16,16,618.99,17325.83,7877.92,8204.92,1242.99,36.24,3.00,0.00
17,16,362.02,10168.51,4650.23,4796.24,722.04,325.98,2.00,0.00
18,16,144.99,3941.75,1797.88,1856.88,286.98,612.21,0.00,0.00
19,16,595.96,17063.75,7763.43,8093.41,1206.91,27.66,3.00,0.00
20,16,262.00,7351.12,3344.05,3489.06,518.01,320.17,1.00,0.00
21,16,156.02,4504.62,2064.29,2126.29,314.04,623.33,1.00,0.00
22,16,498.00,14723.97,6720.99,7015.98,987.00,30.26,2.00,0.00
23,16,103.00,2901.88,1341.94,1355.94,203.99,623.33,0.00,0.00
24,16,504.94,13995.34,6396.24,6586.22,1012.88,308.84,2.00,0.00
25,16,643.95,18790.65,8578.38,8924.36,1287.91,29.72,1.00,0.00
26,16,521.07,14690.96,6731.90,6905.92,1053.14,28.67,2.00,0.00
27,16,458.99,13471.67,6154.85,6409.84,906.98,303.33,4.00,0.00
28,16,185.00,6166.00,2810.00,2987.00,369.00,657.93,0.00,0.00
29,16,164.02,4621.48,2091.22,2192.23,338.03,601.29,0.00,0.00
30,16,306.99,8129.80,3714.91,3802.91,611.98,612.21,2.00,0.00
31,16,167.00,4907.02,2260.01,2321.01,326.00,612.21,1.00,0.00
32,16,200.97,5990.08,2720.58,2854.56,414.94,356.70,1.00,0.00
33,16,307.05,9370.38,4286.63,4471.66,612.09,337.94,2.00,0.00
34,16,374.01,10722.36,4904.16,5072.17,746.03,320.17,2.00,0.00
35,16,401.00,11290.94,5143.97,5349.97,797.00,337.94,2.00,0.00
36,16,309.99,8665.78,3957.90,4084.90,622.98,314.45,2.00,0.00
37,16,184.00,5275.87,2395.94,2509.94,369.99,623.33,2.00,0.00
38,16,183.99,4911.74,2232.88,2315.88,362.98,612.21,1.00,0.00
39,16,287.02,8318.52,3790.24,3951.25,577.04,331.91,0.00,0.00
40,16,211.00,6035.06,2743.03,2871.03,421.00,612.21,0.00,0.00
41,16,208.00,5969.95,2725.98,2823.97,420.00,612.21,1.00,0.00
42,16,287.98,7848.50,3590.77,3682.76,574.96,612.21,1.00,0.00
43,16,148.00,4577.93,2081.97,2202.97,293.00,623.33,1.00,0.00
44,16,282.99,8004.59,3634.81,3797.80,571.97,612.21,2.00,0.00
45,16,394.07,11792.06,5372.94,5638.98,780.14,303.33,1.00,0.00
46,16,204.99,6114.71,2804.87,2900.86,408.98,612.21,2.00,0.00
47,16,340.99,9704.83,4439.92,4573.92,690.99,28.16,2.00,0.00
48,16,218.02,6029.43,2768.20,2833.20,428.03,634.66,3.00,0.00
49,16,234.99,6967.61,3174.82,3320.82,471.97,612.21,0.00,0.00
50,16,334.00,9312.03,4252.02,4388.02,672.00,303.33,1.00,0.00
51,16,235.02,6887.68,3138.31,3281.33,468.05,601.29,3.00,0.00
52,16,308.98,9310.41,4265.73,4428.72,615.96,601.29,1.00,0.00
53,16,420.01,11766.26,5348.12,5571.13,847.02,314.45,1.00,0.00
54,16,396.98,10980.46,5029.75,5167.74,782.96,601.29,4.00,0.00
55,16,600.00,17901.96,8149.98,8538.98,1213.00,26.20,5.00,0.00
56,16,407.00,11132.96,5073.98,5244.98,814.00,325.98,1.00,0.00
57,16,513.93,13765.07,6272.12,6475.09,1017.86,314.45,2.00,0.00
58,16,96.01,2625.40,1193.18,1244.19,188.03,623.33,0.00,0.00
59,16,312.00,8211.92,3750.96,3834.96,625.99,325.98,3.00,0.00
60,16,216.00,5835.01,2661.01,2742.01,432.00,612.21,0.00,0.00
61,16,187.99,5777.74,2607.88,2796.87,372.98,601.29,1.00,0.00
62,16,520.05,14741.37,6682.62,7006.65,1052.10,350.33,1.00,0.00
63,16,281.99,7640.67,3492.85,3593.84,553.98,612.21,2.00,0.00
64,16,446.00,12147.89,5536.95,5719.95,890.99,337.94,0.00,0.00
65,16,370.02,10541.56,4816.26,4983.27,742.04,320.17,1.00,0.00
66,16,596.89,17610.67,8001.49,8403.41,1205.77,25.28,2.00,0.00
67,16,527.10,15357.91,7010.33,7302.38,1045.20,27.66,1.00,0.00
68,16,324.96,10090.67,4637.39,4795.37,657.91,331.91,0.00,0.00
69,16,288.03,8257.92,3775.42,3908.43,574.06,612.21,2.00,0.00
70,16,51.00,1537.03,708.02,726.02,103.00,612.21,0.00,0.00
71,16,543.00,15622.13,7116.06,7420.06,1086.01,303.33,3.00,0.00
72,16,300.00,8620.87,3930.94,4098.94,590.99,612.21,3.00,0.00
73,16,365.98,10751.50,4862.77,5150.76,737.97,28.16,2.00,0.00
74,16,173.00,5026.07,2286.03,2396.03,344.00,623.33,1.00,0.00
75,16,159.00,5002.98,2299.99,2389.99,313.00,612.21,4.00,0.00
76,16,180.00,5477.97,2508.98,2609.98,359.00,612.21,0.00,0.00
77,16,192.00,5323.92,2443.96,2485.96,393.99,612.21,0.00,0.00
78,16,137.00,4220.97,1907.98,2047.98,265.00,623.33,1.00,0.00
79,16,230.02,6826.61,3134.28,3229.29,463.04,601.29,2.00,0.00
80,16,252.00,7295.01,3326.00,3465.00,504.00,612.21,2.00,0.00
81,16,235.99,6970.62,3220.82,3281.82,467.97,612.21,0.00,0.00
82,16,589.92,16721.78,7606.99,7921.95,1192.84,26.68,3.00,0.00
83,16,326.04,8203.98,3728.45,3833.46,642.08,308.84,0.00,0.00
84,16,360.02,10255.52,4666.24,4872.25,717.04,601.29,1.00,0.00
85,16,449.97,11868.09,5403.58,5558.57,905.93,314.45,1.00,0.00
86,16,367.03,10549.87,4821.40,4998.41,730.06,308.84,3.00,0.00
87,16,216.99,5701.62,2595.83,2671.82,433.97,612.21,2.00,0.00
88,16,238.01,6905.15,3172.07,3253.07,480.01,612.21,1.00,0.00
89,16,240.02,6343.57,2905.26,2965.27,473.04,601.29,1.00,0.00
90,16,568.94,16058.27,7343.21,7561.19,1153.88,24.83,3.00,0.00
91,16,596.99,16274.69,7410.86,7675.85,1187.98,24.83,2.00,0.00
92,16,532.01,14802.27,6730.12,7006.13,1066.02,303.33,1.00,0.00
93,16,276.98,7805.53,3552.79,3694.78,557.97,350.33,0.00,0.00
94,16,500.90,14590.00,6628.64,6959.57,1001.79,314.45,3.00,0.00
95,16,680.16,18137.27,8300.96,8485.00,1351.32,22.69,1.00,0.00
96,16,384.03,11050.85,5056.39,5230.40,764.06,356.70,3.00,0.00
97,16,374.98,10299.52,4684.78,4862.77,751.96,320.17,4.00,0.00
98,16,227.99,7242.78,3308.90,3469.90,463.99,612.21,2.00,0.00
99,16,347.01,9332.15,4279.07,4356.07,697.01,314.45,4.00,0.00
100,16,222.00,6752.15,3058.07,3264.07,430.01,612.21,0.00,0.00
101,16,146.00,3439.98,1558.99,1587.99,293.00,601.29,0.00,0.00
102,16,303.98,8243.46,3749.75,3885.75,607.96,612.21,2.00,0.00
103,16,447.02,12523.59,5733.27,5893.28,897.04,297.92,2.00,0.00
104,16,136.00,3985.06,1831.03,1884.03,270.00,634.66,0.00,0.00
105,16,296.00,8684.04,3949.02,4137.02,598.00,601.29,1.00,0.00
106,16,485.00,14171.92,6474.96,6726.96,969.99,590.56,1.00,0.00
107,16,242.01,7258.26,3324.12,3453.12,481.02,612.21,2.00,0.00
108,16,373.96,10312.76,4702.44,4854.42,755.91,308.84,1.00,0.00
109,16,594.06,17282.66,7878.76,8225.79,1178.11,19.65,2.00,0.00
110,16,764.99,22109.63,10088.83,10493.82,1526.97,24.83,4.00,0.00
111,16,397.02,12200.69,5571.32,5833.33,796.05,320.17,4.00,0.00
112,16,248.99,6884.63,3136.83,3239.83,507.97,590.56,2.00,0.00
113,16,252.00,7481.11,3451.05,3535.05,495.01,601.29,2.00,0.00
114,16,204.00,5613.98,2558.99,2643.99,411.00,612.21,1.00,0.00
115,16,154.00,4352.99,1976.99,2068.99,307.00,612.21,0.00,0.00
116,16,389.01,11361.20,5160.09,5417.10,784.01,297.92,2.00,0.00
117,16,233.97,7290.07,3308.58,3517.55,463.94,612.21,2.00,0.00
118,16,147.00,4470.06,2043.03,2135.03,292.00,623.33,0.00,0.00
119,16,229.01,6212.22,2828.10,2916.10,468.02,601.29,3.00,0.00
120,16,483.95,13865.69,6379.40,6527.38,958.91,308.84,4.00,0.00
121,16,694.92,19564.69,8935.95,9235.91,1392.84,26.20,1.00,0.00
122,16,96.02,2723.56,1226.25,1312.27,185.04,612.21,2.00,0.00
123,16,278.02,8294.64,3792.29,3942.31,560.04,320.17,2.00,0.00
124,16,268.98,6930.37,3167.71,3225.71,536.95,612.21,0.00,0.00
125,16,363.03,10798.84,4944.38,5118.40,736.06,314.45,0.00,0.00
126,16,128.99,3758.81,1710.91,1803.91,243.99,612.21,0.00,0.00
127,16,535.92,15328.63,7008.92,7233.88,1085.83,23.52,3.00,0.00
128,16,281.05,7471.44,3424.66,3498.68,548.11,325.98,3.00,0.00
129,16,454.05,12429.44,5642.66,5879.68,907.11,314.45,2.00,0.00
130,16,622.89,17109.07,7771.67,8076.62,1260.78,29.72,2.00,0.00
131,16,537.03,14674.95,6745.44,6859.44,1070.07,314.45,1.00,0.00
132,16,559.97,15494.12,7089.60,7293.58,1110.94,33.72,3.00,0.00
133,16,585.01,16173.25,7370.11,7619.12,1184.02,27.66,4.00,0.00
134,16,363.01,10610.40,4845.18,5051.19,714.03,612.21,1.00,0.00
135,16,258.00,7224.07,3278.03,3432.04,514.01,590.56,0.00,0.00
136,16,626.95,16625.75,7587.43,7770.42,1267.90,20.74,3.00,0.00
137,16,459.98,12740.51,5823.77,5996.77,919.96,314.45,4.00,0.00
138,16,281.04,7863.10,3589.50,3712.52,561.08,331.91,0.00,0.00
139,16,192.01,5805.29,2668.13,2755.14,382.02,612.21,2.00,0.00
140,16,333.97,9478.29,4336.67,4471.66,669.95,320.17,3.00,0.00
141,16,590.00,18054.10,8263.05,8620.05,1171.01,20.74,4.00,0.00
142,16,403.99,11842.74,5417.88,5619.88,804.98,320.17,2.00,0.00
143,16,292.99,8284.83,3766.92,3924.92,592.99,612.21,0.00,0.00
144,16,335.99,9313.64,4244.84,4390.83,677.97,320.17,0.00,0.00
145,16,222.02,6777.62,3079.28,3269.30,429.04,337.94,1.00,0.00
146,16,319.01,9188.31,4175.14,4374.15,639.02,314.45,4.00,0.00
147,16,717.89,20799.84,9455.56,9902.50,1441.78,23.10,2.00,0.00
148,16,240.02,7011.60,3207.27,3322.28,482.04,601.29,3.00,0.00
149,16,258.02,7570.56,3415.25,3637.27,518.04,601.29,0.00,0.00
150,16,552.98,15093.32,6880.69,7111.68,1100.95,303.33,2.00,0.00
151,16,316.01,8865.38,4071.18,4165.18,629.03,369.77,1.00,0.00
152,16,412.99,12020.60,5488.82,5705.81,825.97,25.74,3.00,0.00
153,16,407.97,10707.21,4860.64,5017.63,828.94,320.17,1.00,0.00
154,16,853.05,23139.37,10571.63,10875.64,1692.10,21.89,5.00,0.00
155,16,650.97,17482.13,7984.60,8180.59,1316.93,20.00,1.00,0.00
156,16,713.07,19783.08,9012.95,9349.98,1420.15,20.00,1.00,0.00
157,16,282.95,7840.63,3592.37,3685.36,562.90,601.29,0.00,0.00
158,16,345.00,10374.04,4766.02,4912.02,696.00,320.17,2.00,0.00
159,16,288.02,8329.61,3790.28,3972.29,567.04,590.56,1.00,0.00
160,16,157.00,4146.99,1887.00,1939.00,321.00,325.98,1.00,0.00
161,16,197.01,6020.30,2746.13,2879.14,395.02,612.21,2.00,0.00
162,16,160.00,4728.88,2163.95,2252.94,311.99,623.33,2.00,0.00
163,16,344.96,9853.82,4495.46,4657.44,700.92,314.45,1.00,0.00
164,16,764.08,22993.53,10546.16,10929.20,1518.17,20.37,3.00,0.00
165,16,559.01,15974.23,7305.10,7543.11,1126.02,26.20,3.00,0.00
166,16,599.99,17080.79,7807.91,8081.90,1190.99,21.11,6.00,0.00
167,16,128.00,3697.03,1692.01,1749.01,256.00,612.21,0.00,0.00
168,16,300.00,8429.99,3849.99,3972.99,607.00,320.17,1.00,0.00
169,16,316.02,8954.54,4066.25,4260.26,628.04,612.21,2.00,0.00
170,16,328.98,9289.56,4236.80,4387.79,664.97,303.33,1.00,0.00
171,16,276.02,8103.60,3680.27,3876.29,547.04,601.29,2.00,0.00
172,16,221.98,6645.44,3012.74,3188.73,443.96,601.29,1.00,0.00
173,16,490.04,14020.14,6420.52,6615.54,984.08,320.17,2.00,0.00
174,16,242.98,6408.48,2920.76,3002.75,484.96,590.56,0.00,0.00
175,16,300.01,8586.19,3927.08,4063.09,596.01,601.29,1.00,0.00
176,16,420.96,11564.77,5275.44,5437.42,851.91,308.84,2.00,0.00
177,16,527.01,16122.24,7379.11,7690.11,1053.02,308.84,4.00,0.00
178,16,462.03,12268.86,5609.39,5739.40,920.06,314.45,3.00,0.00
179,16,193.01,5555.31,2530.14,2640.15,385.02,612.21,3.00,0.00
180,16,279.00,7766.12,3556.06,3654.06,556.01,612.21,3.00,0.00
181,16,379.95,10685.62,4901.37,5023.35,760.90,303.33,2.00,0.00
182,16,212.98,6031.34,2752.70,2858.69,419.95,612.21,0.00,0.00
183,16,929.10,26616.93,12182.34,12564.38,1870.21,18.28,5.00,0.00
184,16,709.03,20979.94,9567.43,9996.45,1416.06,19.29,3.00,0.00
185,16,228.96,6811.95,3135.52,3224.50,451.93,623.33,0.00,0.00
186,16,351.06,9500.72,4290.78,4502.81,707.13,23.95,2.00,0.00
187,16,178.00,5437.87,2492.94,2600.94,343.99,612.21,2.00,0.00
188,16,442.98,13316.35,6070.70,6356.69,888.96,320.17,2.00,0.00
189,16,181.00,5623.06,2559.03,2697.03,367.00,601.29,0.00,0.00
190,16,376.00,11058.13,5019.06,5280.06,759.01,70.55,2.00,0.00
191,16,247.97,6971.25,3181.66,3298.65,490.95,590.56,3.00,0.00
192,16,423.06,11339.66,5147.75,5343.78,848.12,601.29,0.00,0.00
193,16,205.00,5908.98,2717.99,2783.99,407.00,612.21,1.00,0.00
194,16,182.01,5275.36,2401.16,2517.17,357.02,612.21,1.00,0.00
195,16,720.90,20744.23,9475.74,9812.69,1455.81,18.95,4.00,0.00
196,16,230.02,6579.64,2990.29,3140.30,449.04,612.21,0.00,0.00
197,16,137.00,3696.08,1696.04,1727.04,273.01,612.21,0.00,0.00
198,16,164.00,4283.96,1947.98,2009.98,326.00,612.21,2.00,0.00
199,16,133.00,3765.88,1712.94,1773.94,278.99,612.21,1.00,0.00
200,16,468.97,13318.21,6087.64,6305.63,924.95,320.17,4.00,0.00
201,16,108.01,2958.19,1347.09,1394.09,217.01,623.33,1.00,0.00
202,16,638.98,18378.36,8398.71,8688.70,1290.96,18.28,4.00,0.00
203,16,234.01,6326.18,2894.08,2967.08,465.01,314.45,0.00,0.00
204,16,249.98,6542.59,2999.81,3048.81,493.97,612.21,1.00,0.00
205,16,458.97,13044.27,5981.67,6139.66,922.95,18.95,2.00,0.00
206,16,227.02,6687.55,3067.25,3175.26,445.04,612.21,3.00,0.00
207,16,677.97,20220.09,9235.58,9614.57,1369.94,19.29,2.00,0.00
208,16,344.99,10255.56,4684.80,4889.79,680.97,590.56,5.00,0.00
209,16,103.02,3155.54,1459.25,1496.26,200.03,612.21,1.00,0.00
210,16,433.98,12353.30,5605.68,5877.66,869.95,314.45,1.00,0.00
211,16,61.01,1811.21,819.09,872.10,120.01,612.21,0.00,0.00
212,16,666.83,19067.08,8693.76,9036.67,1336.65,23.95,4.00,0.00
213,16,313.05,8929.31,4094.60,4195.61,639.09,344.08,4.00,0.00
214,16,551.00,14838.87,6797.94,6944.94,1095.99,20.74,3.00,0.00
215,16,161.00,4614.08,2114.04,2186.04,314.01,325.98,0.00,0.00
216,16,196.99,5421.71,2482.87,2539.87,398.98,612.21,1.00,0.00
217,16,223.01,6223.30,2849.14,2933.14,441.02,601.29,2.00,0.00
218,16,688.99,20042.56,9117.80,9532.79,1391.97,17.95,4.00,0.00
219,16,404.01,11946.28,5453.13,5692.13,801.02,308.84,1.00,0.00
220,16,304.99,9413.68,4300.86,4508.85,603.98,612.21,0.00,0.00
221,16,278.03,6960.75,3151.34,3245.35,564.06,314.45,1.00,0.00
222,16,289.96,8651.72,3954.41,4113.39,583.91,337.94,0.00,0.00
223,16,691.04,19607.00,9003.46,9231.47,1372.07,19.29,3.00,0.00
224,16,180.99,4954.69,2262.86,2318.85,372.98,612.21,1.00,0.00
225,16,479.04,12949.07,5923.49,6067.50,958.08,308.84,1.00,0.00
226,16,730.03,20393.79,9350.36,9595.37,1448.06,17.01,4.00,0.00
227,16,134.00,3577.05,1635.02,1676.03,266.00,612.21,0.00,0.00
228,16,160.97,4417.27,2018.66,2072.66,325.95,612.21,1.00,0.00
229,16,346.04,9441.09,4318.50,4427.51,695.08,308.84,2.00,0.00
230,16,192.00,5954.99,2728.99,2847.99,378.00,612.21,0.00,0.00
231,16,580.93,16648.94,7582.06,7897.02,1169.86,18.95,3.00,0.00
232,16,256.02,8247.51,3763.23,3970.24,514.03,612.21,0.00,0.00
233,16,352.02,10318.49,4714.22,4911.23,693.03,612.21,3.00,0.00
234,16,473.00,13354.98,6087.99,6320.99,946.00,314.45,2.00,0.00
235,16,309.00,8888.14,4057.06,4202.06,629.01,308.84,0.00,0.00
236,16,497.03,14385.01,6572.46,6819.48,993.07,137.35,3.00,0.00
237,16,377.98,11289.50,5131.77,5408.76,748.97,442.73,0.00,0.00
238,16,352.00,9362.90,4288.95,4370.95,702.99,601.29,5.00,0.00
239,16,238.01,7117.32,3270.15,3361.15,486.02,623.33,1.00,0.00
240,16,528.98,14226.43,6450.74,6729.73,1045.96,308.84,1.00,0.00
241,16,151.01,4273.22,1934.10,2024.10,315.02,623.33,0.00,0.00
242,16,250.99,7167.61,3274.82,3401.81,490.97,612.21,0.00,0.00
243,16,419.99,11952.80,5481.91,5619.90,850.99,297.92,0.00,0.00
244,16,374.01,10180.18,4667.08,4777.08,736.01,580.02,1.00,0.00
245,16,333.99,9367.79,4243.90,4447.90,675.98,314.45,1.00,0.00
246,16,239.00,6893.90,3135.96,3290.95,466.99,612.21,1.00,0.00
247,16,399.95,10872.65,4977.38,5091.37,803.90,314.45,0.00,0.00
248,16,127.03,3819.81,1750.37,1807.38,262.06,320.17,0.00,0.00
249,16,512.98,14797.44,6733.74,7046.73,1016.96,314.45,1.00,0.00
250,16,607.92,18412.44,8374.83,8808.77,1228.83,21.11,1.00,0.00
251,16,622.95,18341.51,8341.32,8765.29,1234.90,21.11,3.00,0.00
252,16,536.05,15454.43,7024.65,7346.68,1083.10,308.84,2.00,0.00
253,16,951.05,27213.40,12427.64,12891.66,1894.10,17.32,3.00,0.00
254,16,285.02,8346.68,3821.31,3954.32,571.05,331.91,1.00,0.00
255,16,238.98,6858.29,3124.68,3251.66,481.95,612.21,1.00,0.00
256,16,419.01,11178.32,5117.15,5228.15,833.02,314.45,0.00,0.00
257,16,264.98,7730.56,3556.80,3636.79,536.97,331.91,3.00,0.00
258,16,593.09,16878.69,7691.23,8015.28,1172.19,19.65,1.00,0.00
259,16,489.97,14302.11,6524.59,6794.58,982.94,314.45,3.00,0.00
260,16,484.00,13773.09,6254.04,6543.04,976.01,303.33,4.00,0.00
261,16,536.01,15367.28,7046.13,7259.13,1062.02,23.10,2.00,0.00
262,16,262.00,7183.93,3271.97,3385.97,525.99,320.17,0.00,0.00
263,16,307.98,8218.55,3759.79,3842.79,615.97,601.29,2.00,0.00
264,16,266.98,7437.54,3355.79,3535.78,545.97,344.08,3.00,0.00
265,16,495.01,14323.22,6527.10,6807.10,989.02,314.45,2.00,0.00
266,16,709.04,19758.19,8990.54,9363.56,1404.08,17.95,5.00,0.00
267,16,179.95,5581.52,2539.32,2669.29,372.90,601.29,0.00,0.00
268,16,209.02,5733.51,2628.23,2699.24,406.04,612.21,3.00,0.00
269,16,610.94,17883.33,8191.23,8456.21,1235.88,18.28,0.00,0.00
270,16,348.07,9915.91,4508.87,4724.91,682.13,601.29,0.00,0.00
271,16,711.90,20608.98,9438.62,9744.57,1425.79,19.29,2.00,0.00
272,16,292.07,8506.15,3873.98,4042.02,590.15,320.17,1.00,0.00
273,16,562.94,15859.36,7215.26,7512.22,1131.88,303.33,4.00,0.00
274,16,579.08,16170.12,7399.97,7619.00,1151.15,20.74,3.00,0.00
275,16,292.00,8556.94,3928.97,4046.97,581.00,612.21,2.00,0.00
276,16,209.00,5908.96,2700.98,2790.98,417.00,612.21,3.00,0.00
277,16,222.00,6338.00,2896.00,3002.00,440.00,601.29,0.00,0.00
278,16,472.00,13033.97,5888.99,6192.99,952.00,303.33,3.00,0.00
279,16,280.98,7750.54,3510.79,3674.78,564.97,612.21,1.00,0.00
280,16,236.03,6788.77,3131.35,3193.36,464.05,612.21,3.00,0.00
281,16,194.99,6011.69,2715.86,2894.85,400.98,601.29,1.00,0.00
282,16,472.03,12584.68,5734.31,5903.32,947.05,314.45,2.00,0.00
283,16,323.95,8968.73,4076.42,4247.40,644.91,601.29,1.00,0.00
284,16,617.05,17420.33,7966.61,8232.63,1221.09,18.95,4.00,0.00
285,16,436.03,11930.70,5446.32,5610.33,874.05,314.45,2.00,0.00
286,16,530.97,14468.25,6576.66,6824.65,1066.94,308.84,2.00,0.00
287,16,824.73,24271.91,11103.30,11510.17,1658.45,17.95,0.00,0.00
288,16,471.09,13195.42,6033.11,6236.14,926.17,325.98,4.00,0.00
289,16,205.98,6011.35,2744.71,2846.69,419.95,601.29,0.00,0.00
290,16,257.04,7789.18,3560.54,3719.57,509.08,601.29,0.00,0.00
291,16,231.02,7168.57,3277.26,3420.27,471.04,590.56,0.00,0.00
292,16,151.97,4731.21,2149.64,2277.62,303.95,623.33,2.00,0.00
293,16,451.00,14002.03,6430.01,6676.01,896.00,308.84,1.00,0.00
294,16,512.00,14274.09,6479.04,6775.04,1020.01,303.33,4.00,0.00
295,16,234.02,6788.71,3083.32,3230.34,475.05,601.29,0.00,0.00
296,16,147.97,4678.04,2137.56,2237.54,302.94,623.33,1.00,0.00
297,16,233.08,6258.19,2860.00,2944.03,454.16,612.21,0.00,0.00
298,16,269.00,7903.98,3592.99,3765.99,545.00,320.17,0.00,0.00
299,16,320.94,9487.23,4335.19,4511.16,640.88,590.56,1.00,0.00
300,16,239.03,7186.00,3311.46,3399.48,475.07,612.21,0.00,0.00
301,16,127.00,4084.10,1871.04,1956.05,257.01,623.33,0.00,0.00
302,16,153.00,4338.06,1960.03,2080.03,298.00,623.33,1.00,0.00
303,16,168.99,5242.79,2383.91,2513.90,344.99,601.29,2.00,0.00
304,16,238.99,6744.85,3054.93,3211.93,477.99,612.21,1.00,0.00
305,16,402.96,11672.94,5338.52,5518.50,815.93,308.84,2.00,0.00
306,16,608.04,16832.10,7681.50,7948.52,1202.08,21.50,4.00,0.00
307,16,393.02,11428.58,5225.26,5409.27,794.04,308.84,2.00,0.00
308,16,366.01,10151.41,4648.19,4768.19,735.03,601.29,1.00,0.00
309,16,290.97,8184.18,3750.62,3855.61,577.94,601.29,1.00,0.00
310,16,172.01,4697.33,2138.15,2220.16,339.02,612.21,3.00,0.00
311,16,471.99,13147.71,5997.87,6205.86,943.98,314.45,1.00,0.00
312,16,415.92,11591.79,5280.99,5473.95,836.84,314.45,0.00,0.00
313,16,326.06,9467.77,4315.80,4506.84,645.12,331.91,1.00,0.00
314,16,113.00,3367.85,1560.93,1569.93,236.99,320.17,0.00,0.00
315,16,398.00,11242.08,5087.03,5361.04,794.01,601.29,1.00,0.00
316,16,287.98,7812.42,3563.73,3670.73,577.96,612.21,2.00,0.00
317,16,453.04,12217.15,5588.52,5725.54,903.08,20.00,2.00,0.00
318,16,214.00,6535.09,2989.04,3116.04,430.01,601.29,1.00,0.00
319,16,328.02,10018.70,4551.32,4817.34,650.05,612.21,2.00,0.00
320,16,448.98,13315.32,6070.69,6336.68,907.95,303.33,3.00,0.00
321,16,624.97,17919.05,8127.57,8540.55,1250.93,132.49,1.00,0.00
322,16,742.04,20723.02,9465.46,9783.48,1474.07,17.32,2.00,0.00
323,16,246.99,6407.63,2900.83,3011.83,494.97,331.91,1.00,0.00
324,16,287.00,7867.93,3574.97,3709.97,583.00,623.33,3.00,0.00
325,16,848.10,23695.74,10811.25,11199.30,1685.19,18.61,3.00,0.00
326,16,546.98,15407.32,7049.69,7264.68,1092.95,308.84,3.00,0.00
327,16,295.00,8562.94,3885.97,4083.97,593.00,601.29,1.00,0.00
328,16,351.98,10123.28,4625.67,4786.66,710.95,590.56,1.00,0.00
329,16,385.02,10949.61,4980.28,5208.29,761.04,601.29,0.00,0.00
330,16,131.00,3494.11,1579.05,1656.05,259.01,612.21,1.00,0.00
331,16,179.00,5158.87,2356.94,2435.94,365.99,612.21,1.00,0.00
332,16,734.04,21482.27,9788.58,10232.61,1461.09,20.37,3.00,0.00
333,16,95.00,3166.92,1440.96,1532.96,192.99,331.91,0.00,0.00
334,16,180.00,4769.11,2191.05,2211.05,367.01,601.29,0.00,0.00
335,16,200.99,5619.74,2579.88,2639.88,399.98,612.21,1.00,0.00
336,16,432.00,12184.91,5525.96,5802.96,855.99,314.45,2.00,0.00
337,16,675.92,19057.72,8691.96,8998.92,1366.84,17.32,2.00,0.00
338,16,461.95,13336.48,6080.31,6336.28,919.90,308.84,2.00,0.00
339,16,278.03,8220.94,3735.43,3925.45,560.06,612.21,1.00,0.00
340,16,509.97,14198.12,6482.60,6697.58,1017.94,308.84,4.00,0.00
341,16,267.03,6984.87,3180.40,3281.41,523.07,601.29,1.00,0.00
342,16,103.01,2883.16,1309.07,1354.08,220.01,320.17,1.00,0.00
343,16,288.99,7990.59,3658.81,3753.81,577.97,623.33,1.00,0.00
344,16,274.00,7995.14,3679.06,3776.07,540.01,601.29,1.00,0.00
345,16,180.00,4928.11,2239.05,2334.05,355.01,612.21,1.00,0.00
346,16,442.01,12421.15,5657.07,5879.07,885.01,314.45,2.00,0.00
347,16,389.00,11566.00,5271.00,5505.00,790.00,314.45,2.00,0.00
348,16,240.00,6695.09,3054.04,3174.04,467.01,612.21,2.00,0.00
349,16,561.00,16182.91,7410.96,7643.96,1127.99,303.33,1.00,0.00
350,16,267.00,7203.87,3280.94,3389.94,532.99,325.98,0.00,0.00
351,16,249.97,7039.11,3213.59,3321.58,503.94,612.21,3.00,0.00
352,16,435.07,12088.82,5526.83,5701.86,860.13,314.45,1.00,0.00
353,16,162.00,4938.93,2216.97,2393.97,328.00,612.21,1.00,0.00
354,16,278.01,7568.39,3439.18,3569.18,560.03,601.29,0.00,0.00
355,16,536.98,15130.46,6898.75,7163.74,1067.96,308.84,3.00,0.00
356,16,454.00,12902.88,5917.95,6071.95,912.99,314.45,2.00,0.00
357,16,259.01,6773.30,3084.13,3170.14,519.02,601.29,0.00,0.00
358,16,96.00,2811.99,1278.00,1344.00,190.00,623.33,1.00,0.00
359,16,299.96,8548.78,3907.44,4040.42,600.91,612.21,1.00,0.00
360,16,342.03,9491.89,4318.41,4492.42,681.06,601.29,0.00,0.00
361,16,190.00,5193.91,2369.96,2437.96,385.99,601.29,2.00,0.00
362,16,372.01,10799.19,4939.09,5112.09,748.01,314.45,2.00,0.00
363,16,512.00,14124.04,6461.02,6652.02,1011.00,21.50,1.00,0.00
364,16,203.99,6396.76,2928.89,3045.89,421.98,325.98,0.00,0.00
365,16,565.05,16026.53,7322.70,7586.73,1117.11,18.61,4.00,0.00
366,16,334.94,9175.29,4180.22,4313.19,681.87,314.45,1.00,0.00
367,16,199.03,5873.01,2680.46,2796.48,396.07,320.17,2.00,0.00
368,16,559.96,16299.97,7435.53,7741.51,1122.93,314.45,1.00,0.00
369,16,405.97,11470.02,5243.55,5419.54,806.93,314.45,2.00,0.00
370,16,56.00,1725.11,789.05,834.05,102.01,634.66,0.00,0.00
371,16,468.01,14455.32,6622.14,6887.15,946.02,303.33,1.00,0.00
372,16,503.95,13782.54,6309.33,6473.31,999.89,308.84,2.00,0.00
373,16,473.05,13381.34,6116.61,6316.63,948.09,308.84,0.00,0.00
374,16,933.01,26119.34,11905.15,12335.16,1879.02,16.12,5.00,0.00
375,16,280.02,7667.48,3478.22,3641.23,548.03,601.29,0.00,0.00
376,16,300.95,8479.65,3855.39,4024.36,599.90,331.91,1.00,0.00
377,16,396.04,10624.10,4845.50,4977.51,801.08,17.01,1.00,0.00
378,16,211.00,6266.13,2852.06,2995.06,419.01,612.21,0.00,0.00
379,16,423.00,11610.92,5291.96,5476.96,841.99,331.91,1.00,0.00
380,16,572.99,17213.68,7847.85,8209.85,1155.98,18.95,3.00,0.00
381,16,331.00,10249.96,4671.98,4926.98,651.00,601.29,2.00,0.00
382,16,555.01,16127.38,7334.17,7673.18,1120.03,16.71,4.00,0.00
383,16,229.99,5967.85,2730.93,2788.93,447.99,612.21,4.00,0.00
384,16,472.01,13658.30,6231.14,6470.14,957.02,308.84,2.00,0.00
385,16,708.03,20220.92,9211.42,9601.44,1408.06,17.01,2.00,0.00
386,16,332.99,9347.61,4291.82,4386.82,668.97,314.45,3.00,0.00
387,16,323.96,9410.92,4308.50,4450.49,651.93,320.17,1.00,0.00
388,16,516.08,14966.32,6824.06,7117.10,1025.16,314.45,3.00,0.00
389,16,571.00,15760.06,7194.03,7429.03,1137.00,303.33,0.00,0.00
390,16,712.96,20874.82,9525.46,9912.44,1436.92,16.12,2.00,0.00
391,16,418.95,12365.40,5633.27,5890.24,841.89,344.08,1.00,0.00
392,16,620.92,16999.87,7749.03,8008.99,1241.84,20.74,1.00,0.00
393,16,334.04,9260.00,4213.46,4389.48,657.07,314.45,0.00,0.00
394,16,304.01,8870.24,4040.11,4213.11,617.02,314.45,2.00,0.00
395,16,269.97,7692.06,3468.57,3696.55,526.94,601.29,3.00,0.00
396,16,469.06,13856.83,6356.84,6558.86,941.12,314.45,0.00,0.00
397,16,770.08,22126.16,10095.98,10478.02,1552.15,17.32,2.00,0.00
398,16,256.00,7677.11,3482.05,3696.05,499.01,601.29,5.00,0.00
399,16,252.01,6897.15,3139.07,3246.07,512.01,601.29,1.00,0.00
400,16,512.95,14202.61,6508.36,6676.35,1017.90,303.33,1.00,0.00
401,16,321.02,8913.58,4082.27,4190.27,641.04,475.79,1.00,0.00
402,16,597.90,16437.14,7480.70,7753.65,1202.79,18.95,2.00,0.00
403,16,314.02,8862.50,4056.23,4177.23,629.04,308.84,0.00,0.00
404,16,188.00,5325.91,2418.96,2524.96,381.99,612.21,3.00,0.00
405,16,858.00,24384.88,11121.95,11555.94,1706.99,16.71,2.00,0.00
406,16,800.92,22892.81,10443.00,10839.96,1609.85,16.71,2.00,0.00
407,16,606.04,16054.05,7347.48,7493.49,1213.08,18.95,4.00,0.00
408,16,186.03,5222.86,2367.39,2497.41,358.06,612.21,0.00,0.00
409,16,220.01,6534.18,2973.08,3114.09,447.01,612.21,0.00,0.00
410,16,280.99,7514.60,3416.82,3534.81,562.97,601.29,1.00,0.00
411,16,259.98,7927.27,3620.67,3788.65,517.95,612.21,3.00,0.00
412,16,299.00,8683.92,3969.96,4120.96,592.99,601.29,2.00,0.00
413,16,202.98,5446.55,2498.79,2540.79,406.97,601.29,2.00,0.00
414,16,813.03,23948.80,10879.36,11431.38,1638.05,17.95,5.00,0.00
415,16,631.01,18417.15,8413.07,8743.07,1261.01,18.61,5.00,0.00
416,16,205.00,5966.88,2703.94,2863.94,398.99,612.21,0.00,0.00
417,16,246.05,6944.42,3149.64,3305.68,489.10,590.56,0.00,0.00
418,16,549.00,15209.02,6919.01,7186.01,1104.00,308.84,2.00,0.00
419,16,611.85,17397.67,7947.02,8228.95,1221.70,18.61,2.00,0.00
420,16,161.05,5154.59,2342.72,2490.77,321.10,612.21,0.00,0.00
421,16,165.98,4732.47,2178.76,2221.75,331.96,601.29,1.00,0.00
422,16,89.01,2713.16,1241.07,1284.07,188.01,331.91,0.00,0.00
423,16,211.00,6310.97,2896.98,3000.98,413.00,601.29,0.00,0.00
424,16,208.98,6457.53,2940.78,3095.77,420.97,612.21,1.00,0.00
425,16,212.01,6837.48,3136.22,3272.23,429.03,601.29,1.00,0.00
426,16,343.00,9845.87,4492.94,4666.94,685.99,601.29,0.00,0.00
427,16,246.00,7385.12,3378.05,3519.06,488.01,601.29,1.00,0.00
428,16,153.00,4256.92,1944.96,2003.96,307.99,320.17,0.00,0.00
429,16,203.01,5618.25,2563.11,2650.12,405.02,612.21,2.00,0.00
430,16,108.99,2875.84,1315.93,1343.92,215.99,612.21,0.00,0.00
431,16,525.00,15401.13,7051.06,7293.06,1057.01,17.63,1.00,0.00
432,16,313.93,9392.76,4282.98,4482.93,626.85,601.29,2.00,0.00
433,16,177.02,5018.62,2297.28,2366.29,355.04,623.33,1.00,0.00
434,16,237.02,6696.44,3060.20,3171.21,465.03,612.21,2.00,0.00
435,16,542.98,15296.36,7000.71,7210.70,1084.95,308.84,3.00,0.00
436,16,809.93,23625.88,10837.03,11171.00,1617.85,18.61,3.00,0.00
437,16,457.10,13422.82,6122.29,6385.34,915.19,308.84,1.00,0.00
438,16,705.91,19477.47,8856.85,9195.80,1424.81,17.63,0.00,0.00
439,16,899.09,25637.50,11686.14,12160.19,1791.17,16.71,3.00,0.00
440,16,340.99,9898.69,4514.86,4706.85,676.98,320.17,0.00,0.00
441,16,421.04,12273.27,5592.58,5840.60,840.09,314.45,1.00,0.00
442,16,262.97,7556.06,3455.57,3568.56,531.93,320.17,2.00,0.00
443,16,494.03,13597.93,6183.42,6425.44,989.07,18.61,4.00,0.00
444,16,237.98,6188.40,2790.73,2925.72,471.95,612.21,0.00,0.00
445,16,161.03,4339.80,1978.37,2042.38,319.06,646.19,0.00,0.00
446,16,611.86,17784.89,8132.12,8414.05,1238.71,18.61,1.00,0.00
447,16,703.08,20476.19,9334.00,9747.04,1395.15,17.32,1.00,0.00
448,16,174.99,5188.62,2369.83,2457.82,360.97,623.33,0.00,0.00
449,16,783.06,21861.75,9957.80,10348.83,1555.12,18.28,4.00,0.00
450,16,619.96,17048.84,7780.47,8015.45,1252.91,16.12,3.00,0.00
451,16,451.03,12830.88,5858.40,6080.42,892.06,308.84,4.00,0.00
452,16,399.02,10644.48,4843.22,5003.23,798.04,601.29,4.00,0.00
453,16,304.96,8518.94,3920.51,3988.50,609.92,601.29,0.00,0.00
454,16,301.01,9131.43,4192.20,4331.20,608.03,601.29,3.00,0.00
455,16,253.99,7253.61,3289.82,3456.81,506.97,612.21,1.00,0.00
456,16,199.01,5901.30,2711.14,2803.14,387.02,612.21,1.00,0.00
457,16,224.00,6638.03,3036.01,3145.01,457.00,344.08,3.00,0.00
458,16,136.01,4227.38,1944.17,2017.18,266.02,623.33,1.00,0.00
459,16,194.99,5365.74,2433.88,2532.88,398.98,601.29,1.00,0.00
460,16,346.94,10179.27,4661.21,4823.18,694.88,601.29,0.00,0.00
461,16,523.10,14425.66,6586.21,6801.25,1038.19,19.29,2.00,0.00
462,16,159.00,4668.08,2122.04,2225.04,321.01,634.66,4.00,0.00
463,16,348.00,9765.04,4445.02,4624.02,696.00,325.98,4.00,0.00
464,16,494.96,13776.81,6287.46,6506.44,982.92,314.45,1.00,0.00
465,16,636.95,18627.52,8509.33,8829.30,1288.90,17.63,2.00,0.00
466,16,573.07,15462.00,7067.91,7259.94,1134.15,17.95,3.00,0.00
467,16,194.99,5491.74,2522.88,2579.88,388.98,612.21,3.00,0.00
468,16,825.05,23293.28,10637.58,11002.60,1653.09,18.95,3.00,0.00
469,16,699.94,19775.28,9003.22,9363.18,1408.88,18.28,5.00,0.00
470,16,554.03,15776.86,7159.39,7514.41,1103.06,19.65,1.00,0.00
471,16,168.99,4952.59,2260.81,2349.81,341.97,601.29,2.00,0.00
472,16,618.01,17281.30,7924.14,8122.14,1235.02,18.61,4.00,0.00
473,16,518.06,14311.60,6529.73,6750.75,1031.12,17.01,2.00,0.00
474,16,256.99,7378.74,3373.88,3490.87,513.98,612.21,2.00,0.00
475,16,168.99,5522.79,2519.90,2661.90,340.99,612.21,1.00,0.00
476,16,566.04,15241.98,6969.45,7144.46,1128.07,18.61,1.00,0.00
477,16,460.00,12913.08,5845.03,6147.04,921.01,303.33,0.00,0.00
478,16,268.98,7408.56,3392.80,3483.79,531.97,601.29,3.00,0.00
479,16,204.00,6232.89,2840.95,2982.95,408.99,612.21,1.00,0.00
480,16,167.00,4849.11,2210.05,2294.05,345.01,601.29,1.00,0.00
481,16,181.02,5209.47,2366.21,2494.22,349.03,612.21,1.00,0.00
482,16,799.89,23746.86,10874.56,11270.51,1601.79,18.61,2.00,0.00
483,16,753.99,21543.83,9787.92,10234.92,1520.99,17.32,4.00,0.00
484,16,663.15,18764.31,8566.97,8885.04,1312.30,18.61,2.00,0.00
485,16,761.91,22147.42,10097.82,10511.77,1537.82,18.95,2.00,0.00
486,16,546.00,15423.99,7051.00,7282.00,1091.00,21.11,1.00,0.00
487,16,538.03,14810.85,6729.39,7014.40,1067.06,297.92,4.00,0.00
488,16,138.99,3928.80,1798.91,1842.91,286.99,325.98,1.00,0.00
489,16,231.00,5999.06,2745.03,2799.03,455.00,601.29,0.00,0.00
490,16,156.01,4963.40,2253.18,2391.19,319.03,612.21,0.00,0.00
491,16,151.98,4386.55,2010.79,2086.79,288.97,601.29,0.00,0.00
492,16,548.04,14934.18,6790.54,7043.56,1100.09,308.84,3.00,0.00
493,16,809.99,22593.69,10285.86,10690.85,1616.98,18.95,1.00,0.00
494,16,449.96,13141.77,5996.44,6243.42,901.92,314.45,1.00,0.00
495,16,229.01,6645.16,3023.07,3166.08,456.01,601.29,0.00,0.00
496,16,462.00,13195.12,6037.06,6233.06,925.01,308.84,1.00,0.00
497,16,448.97,12576.14,5759.60,5916.59,899.94,314.45,2.00,0.00
498,16,374.95,10929.50,5017.31,5158.29,753.90,314.45,1.00,0.00
499,16,256.06,7593.70,3471.78,3603.81,518.12,601.29,0.00,0.00
500,16,234.00,6349.95,2896.98,2983.98,469.00,590.56,0.00,0.00
501,16,135.99,4379.61,1987.82,2118.81,272.98,601.29,0.00,0.00
502,16,762.10,22918.09,10477.41,10930.48,1510.20,17.95,3.00,0.00
503,16,74.00,1976.94,908.97,921.97,146.00,612.21,0.00,0.00
504,16,803.94,22236.27,10149.21,10463.18,1623.87,17.63,2.00,0.00
505,16,566.02,15661.66,7120.30,7419.31,1122.05,308.84,1.00,0.00
506,16,453.01,12796.16,5845.08,6041.08,910.01,16.12,0.00,0.00
507,16,294.98,8207.47,3772.76,3846.75,587.96,601.29,3.00,0.00
508,16,173.01,5452.33,2507.15,2594.16,351.02,612.21,2.00,0.00
509,16,324.01,9034.38,4107.17,4288.18,639.03,320.17,3.00,0.00
510,16,308.01,8853.26,4002.12,4233.12,618.02,320.17,2.00,0.00
511,16,610.96,17214.79,7849.45,8135.43,1229.91,17.32,2.00,0.00
512,16,404.98,11183.32,5090.69,5283.68,808.95,314.45,1.00,0.00
513,16,538.06,15899.90,7271.87,7557.91,1070.13,19.29,2.00,0.00
514,16,220.00,6626.95,3012.98,3175.98,438.00,612.21,4.00,0.00
515,16,251.00,6781.07,3090.03,3181.04,510.01,601.29,0.00,0.00
516,16,435.94,12559.24,5732.19,5952.16,874.88,331.91,3.00,0.00
517,16,174.02,5111.73,2313.33,2462.35,336.05,634.66,0.00,0.00
518,16,145.98,4838.21,2178.64,2368.61,290.95,612.21,0.00,0.00
519,16,859.00,23692.89,10810.95,11150.95,1730.99,15.27,3.00,0.00
520,16,320.02,9102.64,4150.29,4316.30,636.04,314.45,1.00,0.00
521,16,251.00,7264.88,3323.95,3441.94,498.99,612.21,2.00,0.00
522,16,182.01,4765.27,2181.12,2226.13,358.02,612.21,3.00,0.00
523,16,502.03,14316.73,6516.33,6794.35,1006.05,308.84,0.00,0.00
524,16,211.99,6151.79,2813.90,2909.90,427.99,320.17,1.00,0.00
525,16,339.98,9352.56,4258.80,4413.79,679.97,601.29,1.00,0.00
526,16,292.01,8558.27,3907.12,4070.13,581.02,601.29,2.00,0.00
527,16,164.98,4660.42,2106.74,2227.72,325.96,612.21,2.00,0.00
528,16,496.98,13921.53,6314.79,6612.78,993.97,308.84,3.00,0.00
529,16,197.01,5400.14,2460.06,2534.07,406.01,634.66,3.00,0.00
530,16,113.00,3555.97,1604.99,1730.99,220.00,612.21,1.00,0.00
531,16,493.00,14048.99,6386.00,6678.00,985.00,18.28,3.00,0.00
532,16,223.00,5483.01,2504.00,2536.00,443.00,612.21,0.00,0.00
533,16,464.02,13023.44,5917.20,6178.21,928.03,308.84,1.00,0.00
534,16,896.95,24932.70,11380.41,11750.39,1801.91,18.95,3.00,0.00
535,16,290.01,8568.22,3891.10,4103.10,574.01,320.17,1.00,0.00
536,16,224.02,6394.43,2919.20,3030.21,445.03,601.29,0.00,0.00
537,16,556.89,15615.99,7109.63,7384.57,1121.78,19.65,6.00,0.00
538,16,180.02,4907.56,2244.26,2306.27,357.04,612.21,1.00,0.00
539,16,135.01,3701.26,1686.12,1750.12,265.02,623.33,0.00,0.00
540,16,234.96,6909.91,3142.50,3294.48,472.93,612.21,3.00,0.00
541,16,449.02,12543.46,5697.21,5943.22,903.03,15.55,2.00,0.00
542,16,315.08,9468.38,4328.09,4509.13,631.16,601.29,5.00,0.00
543,16,189.99,5213.69,2380.86,2452.86,379.98,612.21,1.00,0.00
544,16,289.98,7711.58,3533.81,3594.81,582.97,590.56,0.00,0.00
545,16,120.01,3232.35,1459.16,1541.17,232.02,612.21,0.00,0.00
546,16,576.93,16632.03,7583.10,7882.07,1166.86,308.84,3.00,0.00
547,16,508.07,14692.97,6692.90,6991.94,1008.13,303.33,3.00,0.00
548,16,345.95,10528.58,4800.35,5029.32,698.91,314.45,1.00,0.00
549,16,345.03,9999.83,4570.38,4748.39,681.06,308.84,2.00,0.00
550,16,210.01,6087.20,2766.09,2907.09,414.01,612.21,0.00,0.00
551,16,454.97,12695.25,5771.66,6008.65,914.95,320.17,1.00,0.00
552,16,210.00,5846.02,2646.01,2772.01,428.00,601.29,1.00,0.00
553,16,258.00,7657.00,3505.00,3643.00,509.00,612.21,2.00,0.00
554,16,224.00,6593.03,3016.01,3120.01,457.00,623.33,2.00,0.00
555,16,161.00,4884.00,2230.00,2335.00,319.00,623.33,0.00,0.00
556,16,204.01,5931.29,2697.13,2823.14,411.02,612.21,1.00,0.00
557,16,272.00,7654.03,3505.02,3609.02,540.00,601.29,0.00,0.00
558,16,135.98,3747.39,1711.72,1762.72,272.96,612.21,0.00,0.00
559,16,517.04,14814.22,6772.56,7003.58,1038.09,21.50,2.00,0.00
560,16,192.02,5498.45,2527.21,2599.21,372.03,623.33,3.00,0.00
561,16,534.94,15194.30,6905.23,7215.19,1073.88,308.84,2.00,0.00
562,16,397.02,10774.64,4940.29,5033.30,801.05,20.00,4.00,0.00
563,16,355.00,10183.95,4660.98,4819.98,703.00,601.29,1.00,0.00
564,16,127.01,3880.23,1788.10,1833.11,259.02,612.21,1.00,0.00
565,16,350.98,10656.39,4861.72,5100.71,693.96,325.98,2.00,0.00
566,16,441.05,12174.32,5540.60,5748.62,885.10,297.92,4.00,0.00
567,16,253.00,7814.06,3601.03,3713.03,500.00,612.21,1.00,0.00
568,16,176.97,5210.10,2387.59,2453.58,368.94,320.17,2.00,0.00
569,16,624.04,18001.07,8229.49,8535.51,1236.07,20.00,3.00,0.00
570,16,105.00,3121.07,1449.03,1464.03,208.00,325.98,0.00,0.00
571,16,788.89,23737.74,10841.51,11313.45,1582.78,20.37,1.00,0.00
572,16,428.05,12850.52,5863.69,6129.72,857.10,21.11,1.00,0.00
573,16,672.00,19491.90,8870.96,9274.95,1345.99,18.61,3.00,0.00
574,16,500.00,14860.99,6813.00,7045.00,1003.00,20.74,4.00,0.00
575,16,334.02,9512.61,4329.28,4519.29,664.04,601.29,1.00,0.00
576,16,193.99,5893.73,2682.88,2818.87,391.98,601.29,0.00,0.00
577,16,160.00,4453.90,2026.96,2106.95,319.99,601.29,1.00,0.00
578,16,158.01,4258.23,1923.11,2022.11,313.02,612.21,1.00,0.00
579,16,222.99,5911.71,2698.87,2765.86,446.98,612.21,3.00,0.00
580,16,367.00,10406.06,4749.03,4917.03,740.00,308.84,2.00,0.00
581,16,507.98,14381.48,6565.76,6808.75,1006.96,23.95,3.00,0.00
582,16,374.03,10636.85,4858.39,5024.40,754.06,601.29,1.00,0.00
583,16,127.99,3427.63,1571.83,1608.83,246.97,612.21,1.00,0.00
584,16,246.01,7522.31,3404.14,3616.15,502.02,601.29,2.00,0.00
585,16,416.01,12305.32,5639.15,5839.15,827.02,314.45,1.00,0.00
586,16,249.97,7339.16,3349.62,3482.60,506.94,601.29,1.00,0.00
587,16,125.02,3256.52,1471.23,1549.25,236.04,623.33,0.00,0.00
588,16,572.97,16550.01,7558.55,7829.53,1161.93,18.61,1.00,0.00
589,16,562.96,16553.86,7592.48,7849.46,1111.92,18.61,5.00,0.00
590,16,886.01,25250.28,11545.13,11929.13,1776.02,18.95,4.00,0.00
591,16,585.03,16127.69,7370.32,7580.33,1177.05,18.95,7.00,0.00
592,16,539.95,15311.60,6997.36,7240.34,1073.90,18.95,1.00,0.00
593,16,206.97,5941.13,2694.61,2836.59,409.94,612.21,2.00,0.00
594,16,563.12,15557.19,7117.46,7313.50,1126.23,308.84,5.00,0.00
595,16,267.00,7606.91,3479.96,3583.96,542.99,314.45,0.00,0.00
596,16,458.01,13498.28,6183.13,6395.13,920.02,314.45,0.00,0.00
597,16,394.02,11615.49,5313.22,5517.23,785.03,308.84,0.00,0.00
598,16,375.00,11005.00,5038.00,5217.00,750.00,601.29,1.00,0.00
599,16,461.02,12989.61,5920.28,6154.29,915.04,292.60,3.00,0.00
600,16,521.93,15473.92,7052.05,7380.01,1041.86,308.84,3.00,0.00
601,16,513.05,14217.25,6514.57,6679.59,1023.09,303.33,1.00,0.00
602,16,392.98,11204.38,5148.72,5255.71,799.96,325.98,1.00,0.00
603,16,713.05,19111.23,8701.56,8991.58,1418.09,17.01,5.00,0.00
604,16,515.00,14941.08,6777.04,7132.04,1032.01,320.17,3.00,0.00
605,16,187.00,5629.95,2584.98,2664.98,380.00,320.17,1.00,0.00
606,16,242.01,6736.35,3084.16,3177.17,475.02,623.33,1.00,0.00
607,16,450.95,12930.43,5934.28,6094.26,901.89,601.29,2.00,0.00
608,16,130.01,3537.26,1617.12,1664.12,256.02,634.66,1.00,0.00
609,16,168.00,4588.04,2093.02,2147.02,348.00,601.29,1.00,0.00
610,16,130.00,3506.92,1598.96,1655.96,251.99,623.33,1.00,0.00
611,16,244.00,7263.10,3307.04,3467.05,489.01,612.21,0.00,0.00
612,16,218.01,6550.30,2970.14,3142.14,438.02,325.98,1.00,0.00
613,16,161.00,4480.00,2039.00,2123.00,318.00,612.21,0.00,0.00
614,16,119.00,3487.01,1590.01,1651.01,246.00,612.21,0.00,0.00
615,16,379.01,10981.43,5013.20,5209.20,759.03,344.08,3.00,0.00
616,16,328.99,9192.69,4173.86,4356.85,661.98,601.29,2.00,0.00
617,16,385.99,11332.79,5194.90,5376.90,760.99,314.45,1.00,0.00
618,16,223.99,6084.78,2779.90,2851.90,452.98,601.29,1.00,0.00
619,16,151.01,4725.20,2144.09,2281.10,300.01,612.21,0.00,0.00
620,16,555.91,16630.27,7568.76,7941.70,1119.82,314.45,1.00,0.00
621,16,378.04,10582.20,4832.55,5009.57,740.08,320.17,0.00,0.00
622,16,286.01,8183.40,3734.18,3861.19,588.03,314.45,1.00,0.00
623,16,638.98,18478.54,8435.79,8779.78,1262.97,17.95,2.00,0.00
624,16,455.96,13395.92,6109.51,6375.49,910.93,314.45,1.00,0.00
625,16,58.01,1889.21,858.10,914.10,117.01,331.91,0.00,0.00
626,16,178.99,5202.59,2353.81,2481.80,366.97,331.91,0.00,0.00
627,16,380.98,10902.48,4968.76,5171.75,761.96,308.84,3.00,0.00
628,16,296.02,8662.63,3974.29,4095.30,593.04,612.21,0.00,0.00
629,16,145.99,4310.80,1958.91,2057.91,293.99,623.33,2.00,0.00
630,16,601.02,17576.51,8011.23,8372.24,1193.03,17.32,1.00,0.00
631,16,177.00,4930.02,2231.01,2334.01,365.00,325.98,2.00,0.00
632,16,264.01,7788.40,3565.18,3709.19,514.03,612.21,0.00,0.00
633,16,904.01,26397.22,12040.10,12546.10,1811.01,17.95,4.00,0.00
634,16,275.00,7812.04,3549.02,3703.02,560.00,314.45,1.00,0.00
635,16,317.00,8515.93,3901.97,3984.97,628.99,601.29,3.00,0.00
636,16,147.01,4302.17,1955.08,2049.08,298.01,623.33,0.00,0.00
637,16,489.99,14162.62,6431.83,6757.82,972.97,314.45,3.00,0.00
638,16,252.99,6967.67,3199.85,3259.85,507.98,601.29,1.00,0.00
639,16,255.01,7299.25,3337.11,3452.12,510.02,601.29,2.00,0.00
640,16,403.98,10952.43,4962.74,5177.73,811.96,22.69,1.00,0.00
641,16,216.99,6686.71,3032.87,3225.86,427.98,612.21,0.00,0.00
642,16,259.98,7236.52,3305.78,3408.77,521.97,601.29,3.00,0.00
643,16,308.02,8675.43,3963.20,4093.20,619.03,320.17,1.00,0.00
644,16,488.04,14359.04,6565.47,6824.49,969.07,308.84,2.00,0.00
645,16,645.03,18205.79,8320.36,8593.37,1292.06,20.74,3.00,0.00
646,16,359.98,10053.40,4586.73,4739.72,726.96,303.33,0.00,0.00
647,16,325.98,9050.53,4147.78,4261.78,640.97,601.29,1.00,0.00
648,16,361.02,10833.70,4951.32,5158.34,724.05,601.29,0.00,0.00
649,16,625.03,18251.80,8316.37,8673.38,1262.06,17.95,2.00,0.00
650,16,818.91,22011.56,10036.89,10347.85,1626.82,16.71,1.00,0.00
651,16,319.02,7779.43,3537.19,3597.20,645.04,308.84,0.00,0.00
652,16,247.00,7484.04,3465.02,3533.02,486.00,612.21,0.00,0.00
653,16,458.95,13407.52,6118.32,6369.30,919.90,308.84,1.00,0.00
654,16,721.08,20055.23,9119.01,9486.06,1450.16,19.29,4.00,0.00
655,16,501.03,14514.82,6608.37,6908.39,998.06,303.33,3.00,0.00
656,16,101.00,2886.87,1300.94,1390.94,194.99,623.33,0.00,0.00
657,16,511.99,13478.77,6142.90,6305.89,1029.98,314.45,0.00,0.00
658,16,103.99,2823.86,1289.94,1332.93,200.99,320.17,0.00,0.00
659,16,295.02,8491.44,3877.20,4022.21,592.03,325.98,4.00,0.00
660,16,534.02,15097.65,6883.30,7136.31,1078.05,314.45,8.00,0.00
661,16,515.93,14243.98,6496.08,6714.05,1033.85,303.33,3.00,0.00
662,16,558.06,15485.75,7086.80,7291.82,1107.12,19.29,1.00,0.00
663,16,436.99,11542.82,5296.92,5367.92,877.99,297.92,0.00,0.00
664,16,520.00,15161.98,6934.99,7195.99,1031.00,601.29,4.00,0.00
665,16,391.00,11445.96,5212.98,5438.98,794.00,20.74,1.00,0.00
666,16,403.04,11692.02,5323.47,5571.49,797.07,601.29,2.00,0.00
667,16,308.98,9109.30,4134.68,4356.67,617.95,612.21,0.00,0.00
668,16,447.99,13068.56,5954.80,6211.79,901.97,18.28,2.00,0.00
669,16,461.96,13492.85,6193.47,6370.46,928.92,308.84,2.00,0.00
670,16,275.03,7695.93,3524.43,3631.44,540.07,390.30,2.00,0.00
671,16,232.00,6389.03,2906.02,3018.02,465.00,590.56,1.00,0.00
672,16,136.00,4534.96,2080.98,2181.98,272.00,623.33,0.00,0.00
673,16,415.00,12002.99,5484.99,5687.99,830.00,601.29,3.00,0.00
674,16,160.01,4472.29,2037.13,2110.13,325.02,320.17,1.00,0.00
675,16,575.98,16136.36,7321.71,7668.69,1145.95,17.63,1.00,0.00
676,16,439.00,12137.03,5541.02,5718.02,878.00,303.33,3.00,0.00
677,16,273.95,7812.49,3586.31,3675.29,550.89,601.29,0.00,0.00
678,16,267.04,7429.24,3391.57,3503.58,534.09,601.29,2.00,0.00
679,16,226.02,6772.46,3092.21,3230.22,450.03,612.21,1.00,0.00
680,16,365.98,10441.33,4754.69,4952.68,733.95,601.29,2.00,0.00
681,16,160.00,4876.09,2246.04,2316.04,314.01,612.21,0.00,0.00
682,16,91.00,2805.94,1269.97,1343.97,192.00,331.91,0.00,0.00
683,16,334.96,9652.93,4401.51,4579.49,671.93,314.45,0.00,0.00
684,16,434.05,12716.54,5799.70,6063.73,853.10,303.33,1.00,0.00
685,16,346.01,9825.23,4488.10,4631.11,706.02,320.17,0.00,0.00
686,16,113.00,3284.13,1498.06,1561.06,225.01,612.21,2.00,0.00
687,16,109.00,3248.03,1477.02,1562.02,209.00,612.21,0.00,0.00
688,16,173.98,4686.59,2117.82,2221.81,346.97,601.29,0.00,0.00
689,16,329.99,9364.58,4249.81,4451.80,662.97,601.29,1.00,0.00
690,16,213.01,5729.39,2605.18,2692.19,432.03,601.29,0.00,0.00
691,16,131.00,3498.94,1606.97,1635.97,256.00,601.29,1.00,0.00
692,16,248.00,6799.91,3109.96,3196.96,492.99,601.29,1.00,0.00
693,16,440.01,12406.20,5657.09,5862.09,887.01,314.45,2.00,0.00
694,16,270.00,6984.00,3200.00,3248.00,536.00,612.21,0.00,0.00
695,16,231.00,6603.97,3032.99,3106.99,464.00,612.21,1.00,0.00
696,16,319.99,9130.86,4163.93,4332.93,633.99,320.17,1.00,0.00
697,16,305.99,8572.83,3908.92,4043.92,619.99,331.91,2.00,0.00
698,16,219.02,6043.60,2755.27,2851.28,437.04,612.21,1.00,0.00
699,16,67.00,2285.01,1065.00,1095.00,125.00,612.21,1.00,0.00
700,16,285.98,8357.51,3812.78,3967.77,576.97,325.98,1.00,0.00
701,16,565.00,16422.11,7493.05,7796.05,1133.01,17.01,1.00,0.00
702,16,292.00,7935.92,3660.96,3693.96,580.99,601.29,0.00,0.00
703,16,493.03,13738.73,6238.33,6517.35,983.05,325.98,2.00,0.00
704,16,218.00,5919.02,2704.01,2771.01,444.00,314.45,0.00,0.00
705,16,257.00,7674.05,3534.02,3630.03,510.00,590.56,1.00,0.00
706,16,392.02,11431.49,5212.22,5429.23,790.03,19.29,0.00,0.00
707,16,155.98,5252.43,2420.74,2517.72,313.97,612.21,0.00,0.00
708,16,139.00,3449.99,1577.00,1608.00,265.00,612.21,2.00,0.00
709,16,642.96,18081.90,8253.50,8527.48,1300.92,17.01,1.00,0.00
710,16,685.07,19815.89,9098.87,9356.89,1360.13,16.71,3.00,0.00
711,16,391.99,11135.76,5124.89,5218.89,791.98,314.45,1.00,0.00
712,16,406.01,10825.37,4925.17,5101.17,799.03,320.17,2.00,0.00
713,16,620.90,17111.29,7845.76,8009.73,1255.80,15.83,5.00,0.00
714,16,178.03,4902.85,2252.39,2308.40,342.06,601.29,0.00,0.00
715,16,859.94,24042.22,11004.18,11308.16,1729.87,17.63,6.00,0.00
716,16,222.00,6063.12,2757.05,2872.06,434.01,331.91,1.00,0.00
717,16,582.95,15954.70,7300.41,7473.39,1180.90,18.28,5.00,0.00
718,16,694.01,19604.40,8954.18,9270.19,1380.03,17.01,3.00,0.00
719,16,142.01,4099.32,1855.14,1953.15,291.02,325.98,1.00,0.00
720,16,187.00,5081.94,2359.97,2359.97,362.00,612.21,0.00,0.00
721,16,99.01,2988.18,1363.08,1416.08,209.01,320.17,0.00,0.00
722,16,320.95,8360.70,3816.41,3900.39,643.90,314.45,1.00,0.00
723,16,718.05,20436.30,9306.59,9706.62,1423.09,17.32,2.00,0.00
724,16,174.99,5026.60,2286.82,2376.81,362.97,612.21,3.00,0.00
725,16,860.12,23668.32,10802.51,11154.56,1711.24,17.01,2.00,0.00
726,16,452.98,13438.29,6137.67,6398.66,901.95,308.84,3.00,0.00
727,16,132.02,4443.59,2041.27,2140.29,262.03,612.21,0.00,0.00
728,16,624.88,18081.43,8244.37,8573.31,1263.75,308.84,4.00,0.00
729,16,544.03,15558.91,7123.42,7353.43,1082.06,20.00,1.00,0.00
730,16,330.02,8992.67,4101.30,4235.31,656.05,601.29,0.00,0.00
731,16,297.98,8395.55,3823.80,3978.79,592.97,331.91,1.00,0.00
732,16,242.99,7308.66,3289.84,3520.83,497.98,601.29,2.00,0.00
733,16,166.01,4929.21,2249.10,2355.10,325.01,612.21,1.00,0.00
734,16,265.00,7272.97,3310.99,3425.99,536.00,320.17,2.00,0.00
735,16,286.02,7774.52,3521.23,3690.25,563.04,601.29,0.00,0.00
736,16,455.00,13040.14,5952.06,6176.07,912.01,320.17,3.00,0.00
737,16,303.97,8857.19,4048.63,4200.62,607.94,320.17,2.00,0.00
738,16,223.00,6283.91,2852.96,2976.96,453.99,612.21,1.00,0.00
739,16,218.01,6436.26,2958.12,3055.12,423.02,601.29,1.00,0.00
740,16,451.95,13168.65,5999.39,6265.36,903.91,314.45,2.00,0.00
741,16,482.09,13707.62,6269.20,6471.24,967.18,314.45,1.00,0.00
742,16,492.95,13865.71,6337.41,6531.39,996.91,17.32,1.00,0.00
743,16,539.00,15008.93,6865.97,7072.96,1069.99,325.98,3.00,0.00
744,16,270.98,7768.44,3519.75,3706.73,541.96,337.94,0.00,0.00
745,16,258.01,8329.21,3813.10,3992.10,524.01,612.21,0.00,0.00
746,16,658.87,19403.06,8880.20,9204.13,1318.73,20.00,0.00,0.00
747,16,641.16,18410.46,8401.04,8734.12,1275.31,17.32,4.00,0.00
748,16,511.01,14959.31,6831.14,7099.15,1029.02,314.45,3.00,0.00
749,16,791.94,22282.28,10150.22,10564.18,1567.88,19.29,2.00,0.00
750,16,503.02,14939.59,6845.27,7085.28,1009.04,308.84,2.00,0.00
751,16,769.97,21769.12,9905.60,10310.58,1552.94,18.28,7.00,0.00
752,16,580.03,16642.96,7625.44,7858.45,1159.07,18.28,5.00,0.00
753,16,101.00,2925.07,1343.03,1395.03,187.00,623.33,0.00,0.00
754,16,216.01,6169.35,2822.16,2911.16,436.02,601.29,1.00,0.00
755,16,602.96,16653.86,7627.48,7817.46,1208.92,20.74,1.00,0.00
756,16,557.03,15394.82,6995.37,7281.39,1118.06,303.33,2.00,0.00
757,16,473.96,13157.99,5985.54,6235.52,936.93,308.84,1.00,0.00
758,16,446.00,12493.95,5705.97,5891.97,896.00,308.84,2.00,0.00
759,16,341.02,9809.60,4479.27,4638.28,692.04,314.45,0.00,0.00
760,16,409.98,11292.40,5146.73,5323.72,821.96,325.98,2.00,0.00
761,16,573.99,15943.82,7245.92,7561.92,1135.99,314.45,2.00,0.00
762,16,217.00,6080.05,2793.03,2855.03,432.00,601.29,2.00,0.00
763,16,695.95,19684.65,8963.38,9315.36,1405.90,19.29,1.00,0.00
764,16,268.05,7360.32,3362.60,3470.62,527.09,325.98,0.00,0.00
765,16,327.97,8825.15,4016.61,4152.60,655.94,601.29,1.00,0.00
766,16,221.99,6655.83,3026.92,3180.92,447.99,612.21,0.00,0.00
767,16,89.00,2582.87,1179.94,1230.94,171.99,634.66,0.00,0.00
768,16,167.01,4390.29,2000.13,2058.14,332.02,612.21,1.00,0.00
769,16,906.94,25973.42,11800.28,12360.25,1812.89,18.61,3.00,0.00
770,16,486.06,13876.58,6324.72,6568.75,983.11,18.95,2.00,0.00
771,16,628.01,17738.36,8116.17,8368.17,1254.03,19.65,4.00,0.00
772,16,558.99,16132.84,7343.93,7677.92,1110.99,22.28,2.00,0.00
773,16,250.98,7357.52,3373.78,3478.77,504.97,612.21,0.00,0.00
774,16,470.00,13654.94,6243.97,6465.97,945.00,17.63,4.00,0.00
775,16,411.97,11613.29,5321.67,5463.67,827.95,314.45,2.00,0.00
776,16,470.06,13625.67,6205.76,6487.79,932.11,22.28,1.00,0.00
777,16,306.99,8869.66,4026.84,4221.84,620.98,590.56,5.00,0.00
778,16,129.00,3421.92,1561.96,1612.96,246.99,612.21,1.00,0.00
779,16,87.00,2779.02,1264.01,1343.01,172.00,646.19,2.00,0.00
780,16,514.00,14500.12,6593.06,6864.06,1043.01,18.28,2.00,0.00
781,16,239.01,6454.36,2945.16,3041.17,468.03,601.29,1.00,0.00
782,16,314.99,9148.77,4169.90,4342.89,635.98,314.45,1.00,0.00
783,16,278.99,7586.61,3452.82,3583.82,549.97,612.21,0.00,0.00
784,16,146.00,4376.06,1994.03,2092.03,290.00,612.21,0.00,0.00
785,16,469.95,13160.60,5993.36,6212.34,954.90,314.45,1.00,0.00
786,16,451.04,12801.27,5828.58,6077.60,895.09,303.33,1.00,0.00
787,16,337.96,9151.98,4185.53,4287.52,678.92,601.29,1.00,0.00
788,16,193.03,5218.91,2393.42,2450.43,375.07,601.29,2.00,0.00
789,16,538.89,15357.87,7021.57,7249.52,1086.78,303.33,1.00,0.00
790,16,329.03,9528.73,4370.33,4506.34,652.05,601.29,1.00,0.00
791,16,386.03,10975.81,5007.37,5186.38,782.06,19.65,3.00,0.00
792,16,335.96,9236.92,4231.51,4331.49,673.92,601.29,1.00,0.00
793,16,586.02,17573.59,7998.27,8415.28,1160.04,20.74,6.00,0.00
794,16,313.02,9403.59,4314.27,4452.28,637.04,16.71,0.00,0.00
795,16,480.95,13168.72,6004.42,6211.40,952.91,308.84,4.00,0.00
796,16,312.03,8218.68,3762.31,3826.32,630.05,601.29,0.00,0.00
797,16,386.00,12067.04,5488.02,5813.02,766.00,314.45,0.00,0.00
798,16,62.00,1705.06,776.03,811.03,118.00,325.98,0.00,0.00
799,16,343.94,9729.31,4420.23,4605.20,703.88,314.45,1.00,0.00
800,16,616.04,17558.10,8033.50,8294.52,1230.08,22.28,3.00,0.00
801,16,536.06,14910.59,6794.72,7045.75,1070.11,303.33,0.00,0.00
802,16,366.00,11046.94,5062.97,5248.97,735.00,314.45,1.00,0.00
803,16,409.97,11845.14,5416.61,5612.59,815.94,320.17,0.00,0.00
804,16,176.00,5386.15,2477.07,2565.07,344.01,612.21,2.00,0.00
805,16,206.99,6050.69,2781.86,2842.85,425.98,601.29,0.00,0.00
806,16,538.05,15671.56,7159.71,7446.74,1065.11,20.00,2.00,0.00
807,16,152.00,4353.00,1985.00,2053.00,315.00,612.21,1.00,0.00
808,16,403.00,10676.00,4878.00,5002.00,796.00,601.29,0.00,0.00
809,16,436.98,13390.46,6095.75,6413.74,880.96,308.84,1.00,0.00
810,16,461.00,13324.13,6098.06,6314.06,912.01,314.45,3.00,0.00
811,16,464.00,13617.11,6213.05,6477.05,927.01,308.84,2.00,0.00
812,16,96.00,2438.06,1111.03,1133.03,194.00,314.45,0.00,0.00
813,16,184.98,5217.39,2364.72,2480.71,371.96,601.29,0.00,0.00
814,16,144.01,4109.32,1876.15,1938.15,295.02,623.33,0.00,0.00
815,16,495.02,13573.50,6217.23,6375.23,981.04,308.84,1.00,0.00
816,16,508.97,14948.03,6779.56,7150.54,1017.93,314.45,3.00,0.00
817,16,390.98,11390.46,5171.75,5432.74,785.96,303.33,2.00,0.00
818,16,262.01,7709.16,3500.07,3679.08,530.01,612.21,0.00,0.00
819,16,307.02,8506.50,3875.23,4024.24,607.04,601.29,0.00,0.00
820,16,174.00,5099.99,2330.99,2424.99,344.00,623.33,3.00,0.00
821,16,456.00,12614.04,5765.02,5935.02,914.00,308.84,1.00,0.00
822,16,113.00,3151.12,1439.05,1477.05,235.01,320.17,0.00,0.00
823,16,383.01,10582.28,4841.13,4983.13,758.02,601.29,2.00,0.00
824,16,283.01,8345.34,3801.15,3982.16,562.02,325.98,3.00,0.00
825,16,573.96,16783.97,7710.53,7923.51,1149.93,303.33,1.00,0.00
826,16,879.00,23729.99,10851.00,11119.00,1760.00,17.95,2.00,0.00
827,16,217.97,6253.19,2838.63,2968.61,445.94,320.17,0.00,0.00
828,16,625.08,19385.34,8870.07,9276.12,1239.15,19.65,6.00,0.00
829,16,832.91,24136.32,11046.77,11419.73,1669.81,18.95,6.00,0.00
830,16,126.02,3771.64,1712.29,1798.31,261.04,320.17,0.00,0.00
831,16,252.01,7066.18,3225.08,3350.09,491.01,612.21,1.00,0.00
832,16,331.97,9733.20,4452.63,4613.62,666.95,320.17,0.00,0.00
833,16,188.00,5020.88,2289.94,2345.94,384.99,657.93,0.00,0.00
834,16,176.00,4664.89,2123.95,2200.95,339.99,612.21,2.00,0.00
835,16,456.03,13463.81,6144.37,6404.39,915.06,308.84,1.00,0.00
836,16,507.00,15230.87,6928.94,7287.94,1013.99,308.84,3.00,0.00
837,16,249.99,7424.85,3381.93,3545.93,496.99,325.98,0.00,0.00
838,16,366.98,10517.53,4776.78,5004.77,735.97,601.29,2.00,0.00
839,16,166.00,5036.00,2288.00,2408.00,340.00,601.29,2.00,0.00
840,16,395.03,11302.91,5148.41,5367.43,787.06,18.28,3.00,0.00
841,16,175.00,4720.01,2168.00,2208.00,344.00,612.21,2.00,0.00
842,16,83.99,2549.66,1161.84,1216.84,170.98,331.91,0.00,0.00
843,16,273.04,7940.06,3628.49,3765.50,546.07,337.94,0.00,0.00
844,16,453.01,12946.16,5893.07,6149.08,904.01,308.84,2.00,0.00
845,16,93.00,2717.06,1235.03,1293.03,189.00,331.91,0.00,0.00
846,16,121.00,2918.90,1321.96,1357.95,238.99,601.29,0.00,0.00
847,16,825.00,23507.87,10778.94,11072.94,1655.99,18.95,4.00,0.00
848,16,271.00,7945.87,3605.94,3801.94,537.99,320.17,0.00,0.00
849,16,191.00,6216.05,2864.02,2967.02,385.00,601.29,0.00,0.00
850,16,506.99,15329.65,7007.84,7305.83,1015.98,320.17,2.00,0.00
851,16,440.01,12657.18,5774.08,6005.09,878.01,314.45,1.00,0.00
852,16,392.95,10273.74,4661.43,4815.41,796.90,308.84,3.00,0.00
853,16,681.11,18775.08,8551.40,8867.46,1356.22,17.95,3.00,0.00
854,16,197.98,5507.56,2515.80,2589.79,401.97,314.45,1.00,0.00
855,16,264.00,7825.87,3570.94,3728.94,525.99,612.21,3.00,0.00
856,16,134.00,3214.96,1467.98,1486.98,260.00,612.21,0.00,0.00
857,16,436.98,11581.48,5250.77,5457.76,872.96,320.17,3.00,0.00
858,16,796.03,22578.91,10278.41,10693.43,1607.06,17.01,4.00,0.00
859,16,495.03,14124.98,6441.45,6697.47,986.07,308.84,3.00,0.00
860,16,307.00,8746.14,3961.06,4175.07,610.01,612.21,0.00,0.00
861,16,246.00,7519.04,3423.02,3597.02,499.00,612.21,2.00,0.00
862,16,254.00,7637.87,3498.94,3644.94,493.99,612.21,0.00,0.00
863,16,522.92,14865.84,6776.02,7029.98,1059.85,314.45,4.00,0.00
864,16,830.15,22003.09,9977.86,10377.93,1647.31,18.61,1.00,0.00
865,16,758.85,22917.61,10465.00,10920.91,1531.71,17.01,3.00,0.00
866,16,596.09,17492.58,7963.17,8344.23,1185.17,20.00,2.00,0.00
867,16,580.99,16112.86,7350.94,7603.93,1157.99,308.84,2.00,0.00
868,16,483.03,13557.74,6198.34,6396.35,963.05,314.45,5.00,0.00
869,16,559.98,16142.33,7387.69,7623.68,1130.95,17.32,0.00,0.00
870,16,466.92,13489.63,6161.92,6390.87,936.84,325.98,3.00,0.00
871,16,125.02,3645.59,1666.27,1743.28,236.04,612.21,0.00,0.00
872,16,286.00,8534.10,3884.05,4075.05,575.01,325.98,1.00,0.00
873,16,205.99,5930.85,2696.93,2820.93,412.99,612.21,0.00,0.00
874,16,318.97,8712.31,3960.69,4106.68,644.95,308.84,4.00,0.00
875,16,472.07,13611.11,6174.96,6500.01,936.15,325.98,1.00,0.00
876,16,544.00,15910.91,7261.96,7560.96,1087.99,303.33,3.00,0.00
877,16,327.97,9609.99,4363.54,4583.52,662.93,303.33,2.00,0.00
878,16,251.03,7622.85,3496.39,3630.41,496.06,601.29,2.00,0.00
879,16,432.96,12625.71,5763.41,5986.39,875.91,320.17,0.00,0.00
880,16,410.02,11564.58,5273.27,5472.28,819.04,314.45,6.00,0.00
881,16,228.01,6461.37,2924.17,3086.18,451.03,601.29,1.00,0.00
882,16,345.99,10430.78,4750.90,4984.90,694.99,601.29,1.00,0.00
883,16,339.00,9955.93,4570.97,4706.97,678.00,601.29,4.00,0.00
884,16,315.02,8550.43,3888.19,4038.20,624.03,601.29,2.00,0.00
885,16,250.98,7184.48,3261.76,3422.75,499.96,320.17,1.00,0.00
886,16,367.96,10920.87,4959.49,5224.46,736.92,320.17,0.00,0.00
887,16,240.02,6191.63,2797.28,2917.30,477.05,601.29,1.00,0.00
888,16,539.02,15028.60,6849.27,7093.28,1086.04,16.41,5.00,0.00
889,16,463.96,13552.78,6167.44,6452.42,932.92,320.17,1.00,0.00
890,16,767.00,21971.92,10027.96,10420.96,1522.99,20.00,3.00,0.00
891,16,637.00,17678.96,8040.98,8354.98,1283.00,19.29,2.00,0.00
892,16,409.99,11386.84,5215.93,5351.93,818.99,303.33,2.00,0.00
893,16,138.02,3728.43,1704.20,1757.20,267.03,601.29,0.00,0.00
894,16,847.99,23853.65,10852.84,11301.83,1698.98,20.37,5.00,0.00
895,16,534.01,14246.18,6506.08,6674.08,1066.01,19.65,3.00,0.00
896,16,459.98,12652.36,5736.71,5996.70,918.95,308.84,2.00,0.00
897,16,567.00,16869.05,7668.02,8060.02,1141.00,18.28,0.00,0.00
898,16,506.96,14144.89,6450.50,6680.48,1013.92,308.84,2.00,0.00
899,16,315.99,9150.69,4189.86,4328.86,631.98,314.45,2.00,0.00
900,16,205.04,6043.07,2740.48,2903.51,399.07,601.29,1.00,0.00
901,16,829.85,23657.72,10768.05,11213.97,1675.70,18.61,2.00,0.00
902,16,274.00,7590.06,3467.03,3579.03,544.00,601.29,1.00,0.00
903,16,500.04,14656.29,6698.59,6964.61,993.09,17.63,2.00,0.00
904,16,417.01,12006.26,5525.12,5644.12,837.02,303.33,1.00,0.00
905,16,201.99,6124.74,2790.88,2928.87,404.98,612.21,0.00,0.00
906,16,341.05,8670.27,3958.58,4038.59,673.10,331.91,1.00,0.00
907,16,770.88,21711.50,9868.41,10285.34,1557.75,18.28,3.00,0.00
908,16,438.05,12239.34,5590.61,5783.63,865.09,292.60,5.00,0.00
909,16,339.98,9771.49,4442.77,4650.76,677.96,320.17,3.00,0.00
910,16,189.00,5659.96,2570.98,2698.98,390.00,601.29,1.00,0.00
911,16,202.01,5776.37,2656.17,2728.18,392.03,612.21,2.00,0.00
912,16,1002.82,28523.75,13037.60,13467.52,2018.63,16.12,4.00,0.00
913,16,609.07,17894.01,8164.91,8511.95,1217.14,21.11,4.00,0.00
914,16,315.00,9092.03,4128.01,4339.01,625.00,369.77,2.00,0.00
915,16,251.99,6627.75,3030.88,3095.88,500.98,601.29,0.00,0.00
